100
7.08731 3.92804
3.41044 -2.09265
-3.29447 0.0729392
0.795618 5.83178
0.0772118 6.37928
-0.943327 0.171209
7.69585 -2.41127
5.30686 -4.42488
-2.34474 3.29142
9.14426 -1.86132
-3.00394 -3.59539
-0.281686 6.71255
0.266427 9.97192
-2.16956 9.0997
3.44279 7.90765
6.19922 3.75469
1.32542 5.31297
-8.98434 7.62139
6.53615 3.9848
-2.08472 0.719321
-1.76366 -1.25278
-4.51888 8.12677
-1.29124 0.226753
9.42198 9.95544
5.90381 9.6997
0.528886 -0.0271615
0.0924711 -8.36909
9.55382 3.4727
-7.25028 -0.458693
2.12378 -4.96994
-4.21857 0.806604
-3.18278 6.77053
-0.76693 -3.95856
9.53551 7.75933
-4.40046 -1.32847
-2.72073 5.16343
-1.14048 -9.67711
-5.52477 7.7868
-3.63628 -2.33558
4.95712 2.6133
1.69958 6.31336
2.74087 4.98825
6.65395 -2.55959
4.71236 -6.94754
0.405591 2.69631
8.35444 7.06412
-5.92822 3.07779
-2.36244 4.21857
-1.27476 7.36991
-9.79797 9.61547
-4.98459 -4.2204
8.95077 -6.0271
2.51869 4.39497
-8.82015 -1.27293
6.93655 -3.92071
-1.61718 -0.860317
-6.72781 -6.55019
-0.171209 6.04114
3.11014 -0.459914
-6.93106 -3.17423
4.11725 1.78625
-5.52416 -3.66314
9.90112 4.96139
2.94229 -1.7478
-1.65868 8.67672
9.87915 7.60979
6.52638 -4.9205
-1.38157 -4.91684
-9.59105 2.37159
6.36341 3.64849
7.32475 9.77294
-8.20734 -1.74902
9.47386 9.55321
1.46458 -0.887783
6.51784 -8.23725
-1.87353 9.28831
5.39293 -2.71584
4.06781 -2.88797
5.4796 4.82101
2.63833 4.15143
-2.75307 7.46696
-8.95077 -0.714438
2.50038 4.46577
7.59636 9.55321
4.35347 3.7907
6.41591 8.37519
5.05295 1.171
2.90811 -8.21223
-0.219428 -8.81161
2.94717 3.30973
4.55672 -3.93231
-0.990936 -1.93823
6.36647 7.78985
6.33473 6.77847
-6.35487 9.1467
2.25806 -9.68261
-4.76852 9.37132
1.82409 5.31175
5.93127 -0.0405896
-7.17826 -8.43257
